0.0 1.0 0.5 2.0 0.5
0.20080321285140562 1.12690037047 0.757470809771 2.06283560207 0.132201547934
0.40160642570281124 1.30005767404 0.953335070534 2.05703678905 -0.177022748447
0.6024096385542169 1.50307230387 1.04973867537 1.99792675162 -0.394351249447
0.8032128514056225 1.71347337889 1.02477896791 1.90609124518 -0.501276584695
1.0040160642570282 1.90626166522 0.875413207364 1.80413298535 -0.49637006738
1.2048192771084338 2.05774184101 0.617454723898 1.7132374496 -0.394924944545
1.4056224899598393 2.14907345806 0.282733388965 1.65005845077 -0.226100305759
1.606425702811245 2.16899873825 -0.0860687925216 1.62439553557 -0.0280713572907
1.8072289156626506 2.11537098479 -0.442069105816 1.6379790817 0.158032494146
2.0080321285140563 1.99528363351 -0.741274525756 1.68451628684 0.294449715905
2.208835341365462 1.82382290629 -0.949044223549 1.75095143377 0.352420997255
2.4096385542168677 1.6216658539 -1.04497047357 1.81971885507 0.31630743174
2.610441767068273 1.41191945657 -1.02548483718 1.87161797576 0.185612468363
2.8112449799196786 1.21669271876 -0.90387564249 1.88886302602 -0.0253257799815
3.0120481927710845 1.05392609172 -0.707769729457 1.85784008542 -0.289875465479
3.21285140562249 0.93494122612 -0.474554861089 1.77116934144 -0.573417479356
3.4136546184738954 0.863061358543 -0.245461453981 1.6287771455 -0.838744625842
3.6144578313253013 0.833474342441 -0.059248579675 1.43784741065 -1.05169589407
3.8152610441767068 0.834324878609 0.0535547579537 1.21168784211 -1.18618024669
4.016064257028113 0.848833450696 0.0750007853781 0.967713082537 -1.22785001673
4.216867469879518 0.858093999419 0.00206011815929 0.724870868577 -1.17591658741
4.417670682730924 0.84411161456 -0.153353506798 0.500910865743 -1.04288384729
4.618473895582329 0.792615066375 -0.366606676585 0.309910589295 -0.852300359337
4.819277108433735 0.695228219744 -0.604418841455 0.160420582989 -0.634924731774
5.020080321285141 0.550691944835 -0.830121463247 0.0544883796498 -0.423923135793
5.220883534136546 0.364978172472 -1.00927936004 -0.0123173535787 -0.249848023451
5.421686746987952 0.150311832104 -1.11482004498 -0.0499174686141 -0.136157278789
5.622489959839357 -0.0767234399829 -1.13091510244 -0.0719435441297 -0.0959305086174
5.823293172690763 -0.297686447644 -1.05506837913 -0.0934595890797 -0.130238982248
6.024096385542169 -0.494992986717 -0.89814512242 -0.12854248588 -0.228369075551
6.224899598393574 -0.654432385429 -0.682398967369 -0.188087579089 -0.369809952989
6.42570281124498 -0.767113846493 -0.437849344695 -0.278163478703 -0.527656617262
6.626506024096385 -0.83056756445 -0.1975976673 -0.399147505409 -0.672878609406
6.827309236947791 -0.848859453526 0.00718245898014 -0.545749927874 -0.778786409699
7.028112449799197 -0.831731301146 0.151821472809 -0.70789778303 -0.825020331176
7.228915662650603 -0.792923169067 0.221623099467 -0.872321549818 -0.800476971205
7.429718875502008 -0.747953063813 0.213737380156 -1.02458680252 -0.704763437662
7.6305220883534135 -0.711702889379 0.137202424279 -1.15125306646 -0.548002835441
7.831325301204819 -0.696178353683 0.0112018180576 -1.24183234893 -0.349067367429
8.032128514056225 -0.708773449171 -0.138150072435 -1.29025946429 -0.132548174094
8.23293172690763 -0.751286177845 -0.281970153001 -1.29566655126 0.0750476069359
8.433734939759036 -0.819810818085 -0.393063269273 -1.26236584253 0.249279509739
8.634538152610443 -0.905497698533 -0.449997077519 -1.19906542994 0.371334621326
8.835341365461847 -0.996041578138 -0.440193802646 -1.11745703591 0.430644232326
9.036144578313253 -1.07765398199 -0.361602807685 -1.03040529182 0.426190894426
9.236947791164658 -1.13720894844 -0.222743065313 -0.950021410827 0.36634722344
9.437751004016064 -1.16423512343 -0.0411567108836 -0.885912723327 0.267313825894
9.63855421686747 -1.15245896795 0.159450320819 -0.843865321801 0.150429850051
9.839357429718875 -1.10068030231 0.35291362734 -0.825144017605 0.03879252207
10.040160642570282 -1.01286637107 0.514581996116 -0.826497206379 -0.0462874719984
10.240963855421686 -0.897472547995 0.624950748796 -0.840844609802 -0.0884570863536
10.441767068273093 -0.766113455393 0.672422882695 -0.858524196272 -0.0786546864031
10.642570281124499 -0.631801260892 0.654807683173 -0.868894973825 -0.0162792529296
10.843373493975903 -0.507027280447 0.579368272632 -0.862044223393 0.0909469505795
11.04417670682731 -0.401978979522 0.461452075956 -0.830338933439 0.228364572023
11.244979919678714 -0.323154998664 0.32195136667 -0.769592771524 0.37676747987
11.44578313253012 -0.272574139412 0.184006708383 -0.679683617646 0.515411194224
11.646586345381525 -0.247679542859 0.0694706612383 -0.564543917474 0.625169236211
11.847389558232932 -0.241931792624 -0.00433122904647 -0.431542702582 0.691359792581
12.048192771084338 -0.245981781642 -0.0270648788046 -0.290368644261 0.705827951974
12.248995983935743 -0.249230029488 0.00327023837061 -0.151595559791 0.667991985433
12.449799196787149 -0.241527314497 0.0802900951045 -0.0251537204993 0.584726448473
12.650602409638553 -0.214756447066 0.190437328823 0.0810611019107 0.46913228406
12.85140562248996 -0.164061166225 0.315236178588 0.162236959799 0.338410500119
13.052208835341366 -0.0885471971272 0.434223339802 0.217206002854 0.211183403985
13.25301204819277 0.00863536967813 0.528095124873 0.248445747501 0.104681234077
13.453815261044177 0.12082246147 0.581591745521 0.261538379599 0.032220371916
13.654618473895582 0.238883255512 0.5856943627 0.264184246275 0.00134203878443
13.855421686746988 0.352612202514 0.538823857834 0.26493099309 0.0128723300382
14.056224899598394 0.452247528233 0.446890115006 0.271817236491 0.0610177616412
14.257028112449799 0.529884727325 0.3222168311 0.29113711599 0.13445233549
14.457831325301205 0.580576309578 0.181535301316 0.326507603367 0.21820427817
14.65863453815261 0.60296150055 0.043374256178 0.378370283508 0.296036535469
14.859437751004016 0.599345332882 -0.0747448431972 0.443989595142 0.352948900628
15.060240963855422 0.575230657621 -0.158881633614 0.517933946622 0.377423292343
15.261044176706827 0.538389080341 -0.200640010802 0.592953510143 0.363082072882
15.461847389558233 0.497623048121 -0.198243724727 0.661111822592 0.309527140168
15.662650602409638 0.461414023891 -0.156587960556 0.714993588668 0.222256607105
15.863453815261044 0.436662436955 -0.0862902921959 0.74880539643 0.111699222655
16.06425702811245 0.427705566347 -0.00191027735335 0.759207102413 -0.0084652388697
16.265060240963855 0.435752742097 0.0803701638099 0.745756479349 -0.123426369966
16.46586345381526 0.458810339192 0.145242204828 0.710911291478 -0.219473899708
16.666666666666668 0.492093778284 0.180562304162 0.659600634822 -0.286001510353
16.867469879518072 0.528850061172 0.179102302743 0.598442274269 -0.31698915209
17.068273092369477 0.561456383484 0.139509373821 0.534732317672 -0.311755589829
17.269076305220885 0.582619990204 0.0663569509085 0.47536649955 -0.274891744349
17.46987951807229 0.586497871797 -0.0306979131238 0.425854916381 -0.215405625045
17.670682730923694 0.569569057384 -0.138497043175 0.389576004552 -0.145231445044
17.8714859437751 0.5311360227 -0.242445934756 0.367373875711 -0.0773438766693
18.072289156626507 0.473389537046 -0.328736777496 0.357549809491 -0.0237722002851
18.27309236947791 0.401039925326 -0.386391412606 0.356236975557 0.00618467280069
18.473895582329316 0.320581779859 -0.408823660624 0.358091109165 0.00728093886445
18.674698795180724 0.23931266006 -0.394699288411 0.35718396789 -0.021001739306
18.87550200803213 0.164259734817 -0.347985180617 0.347959297952 -0.0745103666548
19.076305220883533 0.101177671923 -0.277203511162 0.326105730001 -0.145177852883
19.27710843373494 0.0537657536995 -0.194025218909 0.289217633394 -0.222347870131
19.477911646586346 0.0232151479391 -0.111432803484 0.237150430103 -0.294452098141
19.67871485943775 0.00814449840929 -0.0417403219015 0.172025462024 -0.350778051043
19.879518072289155 0.00492211585452 0.00522833593983 0.0978933653233 -0.383059551834
20.080321285140563 0.00831510904799 0.0235341470147 0.0201159109243 -0.386656153986
20.281124497991968 0.0123584462622 0.0118936565375 -0.0554331625839 -0.361156169529
20.481927710843372 0.0113070399716 -0.0262720069336 -0.12322350848 -0.310329184515
20.68273092369478 0.000525403783936 -0.0834964356778 -0.178850000002 -0.24145363924
20.883534136546185 -0.0228170136153 -0.149516269441 -0.219626026602 -0.164138107783
21.08433734939759 -0.0593437687495 -0.212904277935 -0.244904800604 -0.0888274827273
21.285140562248998 -0.10741468757 -0.26283103252 -0.256088425794 -0.0252270829813
21.485943775100402 -0.163413261676 -0.290687079299 -0.256332375226 0.0191166821383
21.686746987951807 -0.222325303467 -0.291326009169 -0.249998533982 0.0398706777015
21.88755020080321 -0.278513724278 -0.263752479861 -0.241946186827 0.0364566801768
22.08835341365462 -0.326567702354 -0.211168262307 -0.236771926558 0.0120142982997
22.289156626506024 -0.362096535142 -0.140386503981 -0.238114203311 -0.0271935758566
22.48995983935743 -0.382350858458 -0.0607215129987 -0.248124778262 -0.0728262242548
22.690763052208837 -0.386582741498 0.0174656690961 -0.267181782266 -0.115792639512
22.89156626506024 -0.376098305793 0.0843374005947 -0.293880224134 -0.147653312441
23.092369477911646 -0.354003184889 0.132026741953 -0.32529382379 -0.161883891021
23.29317269076305 -0.324688234222 0.155747526303 -0.357460538121 -0.154814246135
23.49397590361446 -0.29313962341 0.154412118692 -0.386012771676 -0.126112751515
23.694779116465863 -0.264181990792 0.130676084148 -0.406853146109 -0.0787540558342
23.895582329317268 -0.241769983846 0.0904214638164 -0.416773032013 -0.0184915976115
24.096385542168676 -0.228432293831 0.0417710175701 -0.413923054406 0.0470731128156
24.29718875502008 -0.224948290774 -0.0062045999492 -0.398067956543 0.109672687467
24.497991967871485 -0.230297922816 -0.044883968968 -0.370594466272 0.161623154621
24.698795180722893 -0.241884815963 -0.0673836754423 -0.334277469229 0.196950980951
24.899598393574298 -0.255991116416 -0.0695488985354 -0.292846237346 0.21223267837
25.100401606425702 -0.268388930578 -0.0505047810354 -0.250421383722 0.207028464238
25.301204819277107 -0.275011886262 -0.012699033728 -0.210910527787 0.183857105089
25.502008032128515 -0.272584206014 0.0385560080754 -0.177454229159 0.147728902056
25.70281124497992 -0.259114066775 0.0959595853511 -0.152003538259 0.105318856827
25.903614457831324 -0.234180376463 0.151372590498 -0.1350890023 0.0639152517604
26.104417670682732 -0.198976238774 0.197061811279 -0.125809568449 0.0303071263654
26.305220883534137 -0.156109012986 0.226848607746 -0.122036829396 0.00977962474376
26.50602409638554 -0.109193792627 0.236992617824 -0.120797546845 0.00536461676316
26.70682730923695 -0.0623069368951 0.226684829072 -0.118771810671 0.0174522446431
26.907630522088354 -0.0193857037901 0.198088073323 -0.112828396413 0.0438104820501
27.10843373493976 0.0163347744024 0.155930776468 -0.100515905579 0.0799989511897
27.309236947791163 0.0427638191143 0.106728572959 -0.0804370109242 0.120102738514
27.51004016064257 0.0592141118551 0.057760410154 -0.0524528483857 0.157667567032
27.710843373493976 0.0664436718132 0.0159601365567 -0.0176915615992 0.186689821968
27.91164658634538 0.0664809499328 -0.0131078846813 0.0216348139276 0.202511356482
28.11244979919679 0.0622655797619 -0.0260378622298 0.0625723134936 0.202487431685
28.313253012048193 0.0571640699313 -0.0220247389812 0.101870103683 0.186333965578
28.514056224899598 0.0544367775125 -0.00290307325517 0.136459002908 0.156111082104
28.714859437751002 0.0567376021783 0.0272115494388 0.163890792208 0.115855791498
28.91566265060241 0.0657205731175 0.0626133910439 0.182673603803 0.0709288203979
29.116465863453815 0.0818093388271 0.0969165144419 0.19245609312 0.0271816699624
29.31726907630522 0.104159625552 0.124040931468 0.194037025502 -0.00992602947578
29.518072289156628 0.1308146887 0.139124647617 0.189203950674 -0.0361250185973
29.718875502008032 0.159024948545 0.139226903118 0.180430034236 -0.048933513254
29.919678714859437 0.185679158903 0.123722858774 0.170478574768 -0.0479690230234
30.120481927710845 0.207779216726 0.0943397463332 0.161977140261 -0.0349367477896
30.32128514056225 0.222886085225 0.0548380795089 0.157026086426 -0.0133045611581
30.522088353413654 0.229470570411 0.0103974422218 0.15689924532 0.0122762009868
30.72289156626506 0.227119234916 -0.0331938189379 0.161878803471 0.0367110309701
30.923694779116467 0.216568410583 -0.0704173678518 0.171245420597 0.0552474279307
31.12449799196787 0.199566144539 -0.0968383900087 0.18342046471 0.0641858671211
31.325301204819276 0.178587559103 -0.109733788655 0.196234647372 0.0614120475482
31.526104417670684 0.156450522605 -0.108445902281 0.207278954333 0.0466754231852
31.72690763052209 0.135891991902 -0.094416774948 0.214282815164 0.0215796425559
31.927710843373493 0.119169638606 -0.0709068779173 0.215461854798 -0.0107055638602
32.1285140562249 0.10774773408 -0.0424496574582 0.209783775582 -0.0459597611967
32.329317269076306 0.102111783845 -0.0141310616599 0.197114795613 -0.0795708850832
32.53012048192771 0.101736116285 0.00919257982113 0.178227800406 -0.107234782875
32.730923694779115 0.105204644072 0.0236192783673 0.154674948717 -0.125589193523
32.93172690763052 0.11046231508 0.0267617984407 0.128547471013 -0.132689074009
33.13253012048193 0.115155589275 0.0180639657068 0.10216188203 -0.128256131928
33.333333333333336 0.117008197763 -0.0011673000419 0.0777216543258 -0.113671841958
33.53413654618474 0.114174691672 -0.0280109980806 0.0570056855743 -0.0917222242746
33.734939759036145 0.105519276664 -0.0584166014363 0.0411293938772 -0.0661398411119
33.93574297188755 0.0907801006282 -0.0878448844891 0.0304121165177 -0.0410173446384
34.136546184738954 0.0705975064279 -0.111964203032 0.024367556941 -0.0201843787093
34.33734939759036 0.0464058191933 -0.127296226581 0.021815070395 -0.00664227224833
34.53815261044177 0.020208677824 -0.131715643376 0.0210915617664 -0.00213967395995
34.738955823293175 -0.00572504939906 -0.124732880507 0.0203291446829 -0.00694884208023
34.93975903614458 -0.029197083979 -0.107523879939 0.0177550557536 -0.0198701376199
35.140562248995984 -0.0483959613782 -0.0827093164019 0.011967996509 -0.0384577806356
35.34136546184739 -0.0621468782425 -0.053923714874 0.00215007547744 -0.0594264533145
35.54216867469879 -0.0700596348946 -0.0252450091934 -0.0118156775853 -0.0791726009141
35.7429718875502 -0.0725554162454 -0.000574125544544 -0.02933723968 -0.0943288525232
35.94377510040161 -0.0707719160103 0.0169409248911 -0.0492130858629 -0.102267381501
36.144578313253014 -0.0663645591469 0.0253513632248 -0.0698212804096 -0.101478112907
36.34538152610442 -0.0612366362979 0.0241611275741 -0.0893672782066 -0.0917685463165
36.54618473895582 -0.0572409150384 0.0143550407035 -0.106151585002 -0.0742602678894
36.74698795180723 -0.0558982989993 -0.00179609842842 -0.118816590891 -0.0511884306491
36.94779116465863 -0.0581753344894 -0.0211176466171 -0.12653608941 -0.025540058812
37.14859437751004 -0.0643521008593 -0.0400383641379 -0.12912081577 -0.000589447219155
37.34939759036145 -0.0739979952722 -0.0551421406908 -0.127026333198 0.0205958881865
37.55020080321285 -0.086055690186 -0.0636808342702 -0.121265070143 0.035604444142
37.75100401606426 -0.0990176603249 -0.0639720485906 -0.113238334061 0.0430187775313
37.95180722891566 -0.111166123643 -0.0556255362265 -0.104515756512 0.0425949560853
38.15261044176707 -0.120838530802 -0.0395689587682 -0.0965967477667 0.035260902789
38.35341365461847 -0.126678065305 -0.0178748786434 -0.0906901639747 0.0229391088699
38.55421686746988 -0.127831657409 0.00657910046523 -0.0875449340046 0.00822565762164
38.75502008032129 -0.124067725283 0.0305616791164 -0.0873551355895 -0.006022529505
38.95582329317269 -0.115797846444 0.0509796263262 -0.0897519063386 -0.0171274562873
39.1566265060241 -0.104001943927 0.0653350457669 -0.0938807288291 -0.0229900725839
39.3574297188755 -0.09007087893 0.0720805736049 -0.098550018204 -0.0223916858889
39.558232931726906 -0.0755923717172 0.0708220713471 -0.102426606093 -0.0151542838323
39.75903614457831 -0.0621139533157 0.0623428045272 -0.104247358078 -0.00213977090495
39.95983935742972 -0.0509190707257 0.0484505829745 -0.103014673042 0.014907175028
40.16064257028113 -0.0428495554129 0.0316759098219 -0.0981468693423 0.0336445328801
40.36144578313253 -0.0381996093827 0.0148705966768 -0.0895621902679 0.0515002525412
40.562248995983936 -0.0366952032014 0.000769946507192 -0.0776855628921 0.0660639580747
40.76305220883534 -0.0375594349397 -0.00841471580756 -0.0633792658624 0.0754435227494
40.963855421686745 -0.0396515077577 -0.0113129555412 -0.0478100253337 0.0785340603295
41.16465863453815 -0.0416563245927 -0.00757658668092 -0.0322742141748 0.0751614258984
41.36546184738956 -0.042294780418 0.0020977770863 -0.0180084802524 0.0660823305789
41.566265060240966 -0.0405224319209 0.0161040205912 -0.00601468096408 0.0528449611794
41.76706827309237 -0.0356871498687 0.032194493496 0.00307520966014 0.0375352915037
41.967871485943775 -0.0276231441847 0.0478369639449 0.00907507541217 0.0224501088185
42.16867469879518 -0.01666903365 0.0606042478755 0.0122518712581 0.00974806129114
42.369477911646584 -0.00360938357206 0.0685371746207 0.0132650140206 0.00113162477783
42.570281124497996 0.0104493741694 0.0704271371654 0.0130490256459 -0.00239316765096
42.7710843373494 0.0242481844256 0.0659781173293 0.0126586988895 -0.000645434066431
42.971887550200805 0.0365631105648 0.0558272893646 0.0131011365129 0.00572951684842
43.17269076305221 0.0463829154767 0.0414251415444 0.0151802624668 0.0153832896417
43.373493975903614 0.05305013709 0.0247971047417 0.0193768178377 0.0264895964983
43.57429718875502 0.0563455844539 0.00822579110116 0.0257808282505 0.0370348381881
43.77510040160642 0.0565051573053 -0.00609622932809 0.034085238333 0.0451285710416
43.975903614457835 0.0541684304531 -0.0163901360504 0.0436399126382 0.0492866329028
44.17670682730924 0.0502687101336 -0.0215432402402 0.0535561516963 0.0486452675104
44.377510040160644 0.0458826792793 -0.0212542141782 0.062844647719 0.0430760464377
44.57831325301205 0.0420633767942 -0.0160524296897 0.0705651927399 0.0331871338523
44.77911646586345 0.0396819872125 -0.00719208498517 0.0759653812606 0.0202138932406
44.97991967871486 0.0393020874588 0.00355924869376 0.0785876510824 0.00581853995769
45.18072289156626 0.0411040271212 0.0142030376314 0.0783297119677 -0.00816866738545
45.381526104417674 0.0448695305938 0.0228186875613 0.0754504379635 -0.0200261514383
45.58232931726908 0.0500270113369 0.0278517984991 0.0705219461217 -0.0283936328534
45.78313253012048 0.0557490658057 0.0283391471404 0.0643365404357 -0.0324634820116
45.98393574297189 0.0610859987638 0.0240383564274 0.0577837489627 -0.0320837897502
46.18473895582329 0.065114249901 0.0154455455998 0.0517167596378 -0.0277602637859
46.3855421686747 0.0670770510478 0.00370152441517 0.0468285136835 -0.0205595816118
46.5863453815261 0.0664963391257 -0.00959621206575 0.043555789536 -0.0119315363891
46.78714859437751 0.0632399849097 -0.0226448283519 0.0420247747257 -0.0034789534661
46.98795180722892 0.057535442736 -0.0337113328837 0.0420451123818 0.00328861203529
47.18875502008032 0.0499292756246 -0.0413895456181 0.0431518816302 0.00717989387571
47.389558232931726 0.0412001904856 -0.044800882032 0.0446877580349 0.00749255661301
47.59036144578313 0.0322397748626 -0.0437105144749 0.0459119715205 0.00410546789712
47.791164658634536 0.0239199402922 -0.0385436146121 0.0461186996672 -0.00251923624507
47.99196787148595 0.0169671237507 -0.0303024139982 0.0447469904132 -0.0114217546666
48.19277108433735 0.0118619849887 -0.0203991910166 0.0414658368495 -0.0213026804321
48.393574297188756 0.00877881178728 -0.0104326936697 0.0362223766909 -0.0307276855765
48.59437751004016 0.00757266978209 -0.00194307703826 0.0292468959375 -0.0383468401487
48.795180722891565 0.0078147305494 0.0038171325028 0.0210151730556 -0.0430951217148
48.99598393574297 0.00886909220448 0.00606224614541 0.0121749737452 -0.0443446455632
49.196787148594375 0.00999837087873 0.0045772976865 0.00344869855938 -0.0419871067912
49.397590361445786 0.0104813499158 -0.000266816643344 -0.00447254256561 -0.0364360535706
49.59839357429719 0.00972467273017 -0.00758665551779 -0.0110273286646 -0.0285509412931
49.799196787148595 0.00735192378672 -0.0161345589015 -0.0158602367567 -0.0194965087528
50.0 0.00325744408773 -0.0244972900556 -0.0188653537319 -0.0105606556389
