0.6498648323598804 0.6598675428630604 
0.6598675428630604 0.6508828693428899 
0.6508828693428899 0.6589796432426837 
0.6589796432426837 0.6517038717998441 
0.6517038717998441 0.6582592123147156 
0.6582592123147156 0.6523666629808247 
0.6523666629808247 0.6576747600350545 
0.6576747600350545 0.6529021431388751 
0.6529021431388751 0.657200710408263 
0.657200710408263 0.6533350162766985 
0.6533350162766985 0.6568162810719314 
0.6568162810719314 0.6536850965732302 
0.6536850965732302 0.656504584164703 
0.656504584164703 0.6539683138927568 
0.6539683138927568 0.6562518991193624 
0.6562518991193624 0.6541974976626185 
0.6541974976626185 0.6560470819723015 
0.6560470819723015 0.6543829938029964 
0.6543829938029964 0.6558810845508295 
0.6558810845508295 0.6545331536898457 
0.6545331536898457 0.6557465627909446 
0.6557465627909446 0.6546547237185384 
0.6546547237185384 0.6556375576514735 
0.6556375576514735 0.6547531568800243 
0.6547531568800243 0.6555492352634331 
0.6555492352634331 0.6548328626859873 
0.6548328626859873 0.6554776754341404 
0.6554776754341404 0.6548974080806287 
0.6548974080806287 0.6554196996127192 
0.6554196996127192 0.6549496792196472 
0.6549496792196472 0.6553727310382125 
0.6553727310382125 0.6549920119042091 
0.6549920119042091 0.6553346811130679 
0.6553346811130679 0.6550262968461543 
0.6550262968461543 0.6553038571298874 
0.6553038571298874 0.6550540646856806 
0.6550540646856806 0.6552788873709015 
0.6552788873709015 0.6550765546968792 
0.6550765546968792 0.6552586603317029 
0.6552586603317029 0.6550947703368142 
0.6550947703368142 0.6552422754210955 
0.6552422754210955 0.6551095241740341 
0.6551095241740341 0.6552290029804636 
0.6552290029804636 0.6551214742377045 
0.6551214742377045 0.6552182518679314 
0.6552182518679314 0.655131153432484 
0.655131153432484 0.6552095431806506 
0.6552095431806506 0.6551389933463959 
0.6551389933463959 0.655202488956054 
0.655202488956054 0.6551453435233532 
0.6551453435233532 0.6551967749107601 
0.6551967749107601 0.6551504870661667 
0.6551504870661667 0.6551921464530805 
0.6551921464530805 0.6551546532699283 
0.6551546532699283 0.6551883973491962 
0.6551883973491962 0.6551580278517452 
0.6551580278517452 0.6551853605401555 
0.6551853605401555 0.6551607612346636 
0.6551607612346636 0.6551829007019312 
0.6551829007019312 0.6551629752562302 
0.6551629752562302 0.65518090821794 
0.65518090821794 0.6551647686015003 
0.6551647686015003 0.6551792942960443 
0.6551792942960443 0.6551662212031668 
0.6551662212031668 0.6551779870128367 
0.6551779870128367 0.6551673978052672 
0.6551673978052672 0.6551769281091917 
0.6551769281091917 0.6551683508495247 
0.6551683508495247 0.6551760703944525 
0.6551760703944525 0.6551691228131142 
0.6551691228131142 0.6551753756436851 
0.6551753756436851 0.6551697481021395 
0.6551697481021395 0.6551748128943639 
0.6551748128943639 0.6551702545852776 
0.6551702545852776 0.6551743570666264 
0.6551743570666264 0.6551706648359814
