0.5008839348015647 0.874997265307433 
0.874997265307433 0.3828196785418133 
0.3828196785418133 0.826940702920346 
0.826940702920346 0.500884218708825 
0.500884218708825 0.8749972635504624 
0.8749972635504624 0.3828196831538278 
0.3828196831538278 0.8269407067034074 
0.8269407067034074 0.500884210050968 
0.500884210050968 0.8749972636040502 
0.8749972636040502 0.3828196830131608 
0.3828196830131608 0.8269407065880237 
0.8269407065880237 0.5008842103150334 
0.5008842103150334 0.8749972636024157 
0.8749972636024157 0.3828196830174512 
0.3828196830174512 0.8269407065915428 
0.8269407065915428 0.5008842103069794 
0.5008842103069794 0.8749972636024655 
0.8749972636024655 0.3828196830173204 
0.3828196830173204 0.8269407065914355 
0.8269407065914355 0.5008842103072251 
0.5008842103072251 0.8749972636024641 
0.8749972636024641 0.3828196830173242 
0.3828196830173242 0.8269407065914387 
0.8269407065914387 0.5008842103072179 
0.5008842103072179 0.8749972636024641 
0.8749972636024641 0.3828196830173242 
0.3828196830173242 0.8269407065914387 
0.8269407065914387 0.5008842103072179 
0.5008842103072179 0.8749972636024641 
0.8749972636024641 0.3828196830173242 
0.3828196830173242 0.8269407065914387 
0.8269407065914387 0.5008842103072179 
0.5008842103072179 0.8749972636024641 
0.8749972636024641 0.3828196830173242 
0.3828196830173242 0.8269407065914387 
0.8269407065914387 0.5008842103072179 
0.5008842103072179 0.8749972636024641 
0.8749972636024641 0.3828196830173242 
0.3828196830173242 0.8269407065914387 
0.8269407065914387 0.5008842103072179 
0.5008842103072179 0.8749972636024641 
0.8749972636024641 0.3828196830173242 
0.3828196830173242 0.8269407065914387 
0.8269407065914387 0.5008842103072179 
0.5008842103072179 0.8749972636024641 
0.8749972636024641 0.3828196830173242 
0.3828196830173242 0.8269407065914387 
0.8269407065914387 0.5008842103072179 
0.5008842103072179 0.8749972636024641 
0.8749972636024641 0.3828196830173242 
0.3828196830173242 0.8269407065914387 
0.8269407065914387 0.5008842103072179 
0.5008842103072179 0.8749972636024641 
0.8749972636024641 0.3828196830173242 
0.3828196830173242 0.8269407065914387 
0.8269407065914387 0.5008842103072179 
0.5008842103072179 0.8749972636024641 
0.8749972636024641 0.3828196830173242 
0.3828196830173242 0.8269407065914387 
0.8269407065914387 0.5008842103072179 
0.5008842103072179 0.8749972636024641 
0.8749972636024641 0.3828196830173242 
0.3828196830173242 0.8269407065914387 
0.8269407065914387 0.5008842103072179 
0.5008842103072179 0.8749972636024641 
