0.9 0.324 
0.324 0.7884863999999999 
0.7884863999999999 0.6003921492541442 
0.6003921492541442 0.863717098925281 
0.863717098925281 0.4237555390177584 
0.4237555390177584 0.8790724158102988 
0.8790724158102988 0.3826947728582781 
0.3826947728582781 0.8504621412668244 
0.8504621412668244 0.4578346351392207 
0.4578346351392207 0.8935994952221666 
0.8935994952221666 0.3422859744990803 
0.3422859744990803 0.8104546301770629 
0.8104546301770629 0.5530245213658432 
0.5530245213658432 0.8898782404821237 
0.8898782404821237 0.3527818473548279 
0.3527818473548279 0.8219765359142742 
0.8219765359142742 0.5267919971543187 
0.5267919971543187 0.8974158799985388 
0.8974158799985388 0.3314182259699533 
0.3314182259699533 0.7976886676735762 
0.7976886676735762 0.5809732456994321 
0.5809732456994321 0.8763960005312379 
0.8763960005312379 0.3899737828227181 
0.3899737828227181 0.8564192335211674 
0.8564192335211674 0.4426751879142606 
0.4426751879142606 0.8881699173096048 
0.8881699173096048 0.3575668150650764 
0.3575668150650764 0.826966036185458 
0.826966036185458 0.5151355602522111 
0.5151355602522111 0.899175293337066 
0.899175293337066 0.3263727066813623 
0.3263727066813623 0.7914728268534376 
0.7914728268534376 0.5941569283418376 
0.5941569283418376 0.8680841022428282 
0.8680841022428282 0.4122507372339284 
0.4122507372339284 0.8722802407824394 
0.8722802407824394 0.4010667203626883 
0.4010667203626883 0.8647639422487396 
0.8647639422487396 0.4210101591665693 
0.4210101591665693 0.8775381781623933 
0.8775381781623933 0.3868737265073554 
0.3868737265073554 0.8539288064844026 
0.8539288064844026 0.4490438397858947 
0.4490438397858947 0.890652491050444 
0.890652491050444 0.3506062724498981 
0.3506062724498981 0.8196534510072693 
0.8196534510072693 0.5321580165329158 
0.5321580165329158 0.8962771031016074 
0.8962771031016074 0.334672047206633 
0.334672047206633 0.8016000048905553 
0.8016000048905553 0.5725347733800614 
0.5725347733800614 0.8810593439425313 
0.8810593439425313 0.3772575950187156 
0.3772575950187156 0.8457634872698773 
0.8457634872698773 0.4696113991355043 
0.4696113991355043 0.8966755185749942 
0.8966755185749942 0.333534718667734 
0.333534718667734 0.8002415163994905 
0.8002415163994905 0.5754781145884842 
0.5754781145884842 0.8794909951854036 
0.8794909951854036 0.3815517044634911 
0.3815517044634911 0.8494920046241851 
0.8494920046241851 0.460279219333567 
0.460279219333567 0.8943201344996969 
0.8943201344996969 0.3402418735013073 
0.3402418735013073 0.8081184276634596 
0.8081184276634596 0.5582269243231106 
0.5582269243231106 0.8877946510219347 
0.8877946510219347 0.3586151110995933 
0.3586151110995933 0.8280371274862308 
0.8280371274862308 0.5126099147660964 
0.5126099147660964 0.8994275641785304 
0.8994275641785304 0.3256474355078615 
0.3256474355078615 0.7905642597180528 
0.7905642597180528 0.5960606795081999 
0.5960606795081999 0.8667804450687224 
0.8667804450687224 0.4156995784146836 
0.4156995784146836 0.8744163801139366 
0.8744163801139366 0.3953245474885541 
0.3953245474885541 0.8605549787094865 
0.8605549787094865 0.4320003863800863 
0.4320003863800863 0.8833537891711527 
0.8833537891711527 0.3709435403812298 
0.3709435403812298 0.8400399488304076 
0.8400399488304076 0.4837421995178897 
0.4837421995178897 0.8990484621245421 
0.8990484621245421 0.3267371695537363 
0.3267371695537363 0.7919279697086974 
0.7919279697086974 0.5932010178063284 
0.5932010178063284 0.868728853007512 
0.868728853007512 0.4105405186551526 
0.4105405186551526 0.8711892043110393 
0.8711892043110393 0.4039868685705751 
0.4039868685705751 0.8668133229352175 
0.8668133229352175 0.4156127500220058 
0.4156127500220058 0.8743636513481454 
0.8743636513481454 0.3954666835774232 
0.3954666835774232 0.8606620287277107 
0.8606620287277107 0.4317224437224432 
0.4317224437224432 0.8832174311115543 
0.8832174311115543 0.3713198417721402 
0.3713198417721402 0.8403891007624308 
0.8403891007624308 0.4828869362957174 
0.4828869362957174 0.8989457149823514 
0.8989457149823514 0.3270323393899935 
0.3270323393899935 0.7922958781791659 
0.7922958781791659 0.5924272305580928 
0.5924272305580928 0.8692459453849002 
0.8692459453849002 0.4091667545405207 
0.4091667545405207 0.8702975574694728 
0.8702975574694728 0.406366988155713 
0.406366988155713 0.8684382927346833 
0.8684382927346833 0.4113116080083065 
0.4113116080083065 0.8716837288533398 
0.8716837288533398 0.4026643405404372 
0.4026643405404372 0.8658927698312593 
0.8658927698312593 0.4180409315467528 
0.4180409315467528 0.8758177599537934 
0.8758177599537934 0.3915396406919265 
0.3915396406919265 0.8576508616515491 
0.8576508616515491 0.4395091001756561 
0.4395091001756561 0.8868270637383882 
0.8868270637383882 0.3613133619343332 
0.3613133619343332 0.830757659119354 
0.830757659119354 0.5061577353619869 
0.5061577353619869 0.8998634962627623 
0.8998634962627623 0.3243930636834716 
0.3243930636834716 0.788983934103082 
0.788983934103082 0.5993578289891001 
0.5993578289891001 0.8644608785468619 
0.8644608785468619 0.4218057648318584 
0.4218057648318584 0.8779883817112897 
0.8779883817112897 0.3856492198486093 
0.3856492198486093 0.8529260366835659 
0.8529260366835659 0.451595565470989 
0.451595565470989 0.8915652385845361 
0.8915652385845361 0.3480359901560472 
0.3480359901560472 0.8168649829637293 
0.8168649829637293 0.5385476972570239 
0.5385476972570239 0.894650670130251 
0.894650670130251 0.3393030548366777 
0.3393030548366777 0.8070353705346343 
0.8070353705346343 0.5606254124663754 
0.5606254124663754 0.8867684137078147 
0.8867684137078147 0.3614766989685866 
0.3614766989685866 0.8309206622568975 
0.8309206622568975 0.5057694550492429 
0.5057694550492429 0.8998801681983652 
0.8998801681983652 0.3243450638939296 
0.3243450638939296 0.7889232363176606 
0.7889232363176606 0.5994841086566254 
0.5994841086566254 0.8643704836492684 
0.8643704836492684 0.4220429423227137 
0.4220429423227137 0.8781217097698809 
0.8781217097698809 0.385286301362527 
0.385286301362527 0.8526267624416798 
0.8526267624416798 0.4523557190756369 
0.4523557190756369 0.8918280809827214 
0.8918280809827214 0.3472947178322326 
0.3472947178322326 0.8160519484730252 
0.8160519484730252 0.5404001971190552 
0.5404001971190552 0.8941241666618693 
0.8941241666618693 0.3407981085111134 
0.3407981085111134 0.8087571278868988 
0.8087571278868988 0.5568085295245196 
0.5568085295245196 0.8883820475037424 
0.8883820475037424 0.3569737866364829 
0.3569737866364829 0.8263566082472172 
0.8263566082472172 0.5165689113121406 
0.5165689113121406 0.8990116962405496 
0.8990116962405496 0.3268427985476619 
0.3268427985476619 0.7920597009067 
0.7920597009067 0.5929240719826403 
0.5929240719826403 0.8689144206461943 
0.8689144206461943 0.4100477408614182 
0.4100477408614182 0.8708709278731156 
0.8708709278731156 0.4048371174907234 
0.4048371174907234 0.8673984928530922 
0.8673984928530922 0.4140660508173948 
0.4140660508173948 0.8734152829603732 
0.8734152829603732 0.398019695225848 
0.398019695225848 0.8625600627774159 
0.8625600627774159 0.4267807231638104 
0.4267807231638104 0.8807001749985076 
0.8807001749985076 0.3782425563219804 
0.3782425563219804 0.846630449672378 
0.846630449672378 0.4674503928957301 
0.4674503928957301 0.8961858830784877 
0.8961858830784877 0.334932285777548 
0.334932285777548 0.8019095389969497 
0.8019095389969497 0.5718622689455375 
0.5718622689455375 0.8814089314871972 
0.8814089314871972 0.3762980171344601 
0.3762980171344601 0.8449121499664815 
0.8449121499664815 0.4717281916997979 
0.4717281916997979 0.8971225374795717 
0.8971225374795717 0.3322572848128302 
0.3322572848128302 0.7987045734058896 
0.7987045734058896 0.5787920801750598 
0.5787920801750598 0.877650509166073
