0.9020296899762417 0.326976874997146 
0.326976874997146 0.814233093392713 
0.814233093392713 0.5596529831623321 
0.5596529831623321 0.9118336299193877 
0.9118336299193877 0.2974543266894571 
0.2974543266894571 0.7732084258257618 
0.7732084258257618 0.6488214774138942 
0.6488214774138942 0.8430530210832794 
0.8430530210832794 0.4895641114848497 
0.4895641114848497 0.9245970412543277 
0.9245970412543277 0.2579542044648616 
0.2579542044648616 0.7082311815959194 
0.7082311815959194 0.7645671675413189 
0.7645671675413189 0.6660155912789056 
0.6660155912789056 0.8230236467735668 
0.8230236467735668 0.5389261774128921 
0.5389261774128921 0.9193935850344742 
0.9193935850344742 0.2742033770781456 
0.2742033770781456 0.7363587747852179 
0.7363587747852179 0.7182977594535134 
0.7182977594535134 0.7486805264050314 
0.7486805264050314 0.696184584411591 
0.696184584411591 0.78259295270523 
0.78259295270523 0.6295225254009568 
0.6295225254009568 0.8629284870309065 
0.8629284870309065 0.4376467792153914 
0.4376467792153914 0.9106146806738078 
0.9106146806738078 0.3011636608560434 
0.3011636608560434 0.7787172078725692 
0.7787172078725692 0.6375718567321607 
0.6375718567321607 0.8549737416704837 
0.8549737416704837 0.4587764780804899 
0.4587764780804899 0.9187122985900412 
0.9187122985900412 0.2763160407349434 
0.2763160407349434 0.7398722995597816 
0.7398722995597816 0.7121067356444389 
0.7121067356444389 0.7585397109687624 
0.7585397109687624 0.6776817060530986 
0.6776817060530986 0.808188081936023 
0.808188081936023 0.5735743927646022 
0.5735743927646022 0.9049711922984842 
0.9049711922984842 0.3181938336108732 
0.3181938336108732 0.8027021160926899 
0.8027021160926899 0.5859742869781284 
0.5859742869781284 0.8976511613208291 
0.8976511613208291 0.339932149430725 
0.339932149430725 0.8301996478922894 
0.8301996478922894 0.52158231236769 
0.52158231236769 0.9232765540335948 
0.9232765540335948 0.2620967475801477 
0.2620967475801477 0.7155875572058075 
0.7155875572058075 0.7530314191587211 
0.7530314191587211 0.6881078733985374 
0.6881078733985374 0.7940770834722755 
0.7940770834722755 0.6050190752128293 
0.6050190752128293 0.8841926772133358 
0.8841926772133358 0.3788651510699033 
0.3788651510699033 0.8707074889863259 
0.8707074889863259 0.4165310431549764 
0.4165310431549764 0.8992218529998532 
0.8992218529998532 0.3353010747232452 
0.3353010747232452 0.8246347768469232 
0.8246347768469232 0.535065368147729 
0.535065368147729 0.9204505538396578 
0.9204505538396578 0.2709189275709226 
0.2709189275709226 0.7308308903425521 
0.7308308903425521 0.7278532702355593 
0.7278532702355593 0.7329066827989563 
0.7329066827989563 0.7242915652980695 
0.7242915652980695 0.7388651868237248 
0.7388651868237248 0.713890663337568 
0.713890663337568 0.755727901306956 
0.755727901306956 0.6830319898246172 
0.6830319898246172 0.8010473755931126 
0.8010473755931126 0.5896707672994479 
0.5896707672994479 0.8952488679201346 
0.8952488679201346 0.3469798299090525 
0.3469798299090525 0.8383638619177486 
0.8383638619177486 0.5013866187079951 
0.5013866187079951 0.924992885967667 
0.924992885967667 0.2567098734444322 
0.2567098734444322 0.7059966829861305 
0.7059966829861305 0.7679918564152332 
0.7679918564152332 0.659267350111933 
0.659267350111933 0.831145471396795 
0.831145471396795 0.5192679040615595 
0.5192679040615595 0.9236263671303758 
0.9236263671303758 0.2610005939661041 
0.2610005939661041 0.7136533504871465 
0.7136533504871465 0.7561033095547811 
0.7561033095547811 0.6823210508898255 
0.6823210508898255 0.8020084272889898 
0.8020084272889898 0.5875263664317947 
0.5875263664317947 0.8966548001632146 
0.8966548001632146 0.342860387177677 
0.342860387177677 0.8336364257035865 
0.8336364257035865 0.5131409211418202 
0.5131409211418202 0.9243610699087146 
0.9243610699087146 0.2586954246799449 
0.2586954246799449 0.709556777139549 
0.709556777139549 0.762518041473076 
0.762518041473076 0.6700118282342192 
0.6700118282342192 0.8180551195636959 
0.8180551195636959 0.5507114814014955 
0.5507114814014955 0.9154848789200435 
0.9154848789200435 0.2862775669385482 
0.2862775669385482 0.7559940699432851 
0.7559940699432851 0.6825280337693281 
0.6825280337693281 0.8017290124867212 
0.8017290124867212 0.5881505311880156 
0.5881505311880156 0.8962490902497016 
0.8962490902497016 0.3440506363622503 
0.3440506363622503 0.8350152451296294 
0.8350152451296294 0.509729706463717 
0.509729706463717 0.9246497314048807 
0.9246497314048807 0.2577886407857219 
0.2577886407857219 0.7079345326300162 
0.7079345326300162 0.7650239515177659 
0.7650239515177659 0.6651205289510628 
0.6651205289510628 0.8241202804000086 
0.8241202804000086 0.5363003621836532 
0.5363003621836532 0.9201244497097418 
0.9201244497097418 0.2719331529975205 
0.2719331529975205 0.7325463992038862 
0.7325463992038862 0.7249120372040352 
0.7249120372040352 0.7378339294267036 
0.7378339294267036 0.7157095814497791 
0.7157095814497791 0.7528366929418161 
0.7528366929418161 0.6884723447983094 
0.6884723447983094 0.7935692484110406 
0.7935692484110406 0.6061232566332939 
0.6061232566332939 0.883330061285713 
0.883330061285713 0.3813148372243586 
0.3813148372243586 0.8728811789066021 
0.8728811789066021 0.4105506177437236 
0.4105506177437236 0.8953955896516911 
0.8953955896516911 0.3465506124307686 
0.3465506124307686 0.8378771561821229 
0.8378771561821229 0.502604401122041 
0.502604401122041 0.9249749032507435 
0.9249749032507435 0.2567664269459785 
0.2567664269459785 0.7060984870756838 
0.7060984870756838 0.7678366304129226 
0.7678366304129226 0.6595750958134906 
0.6595750958134906 0.8307824185456266 
0.8307824185456266 0.5201570688500918 
0.5201570688500918 0.923496662528879 
0.923496662528879 0.261407134259533 
0.261407134259533 0.7143717443456805 
0.7143717443456805 0.7549655943369038 
0.7549655943369038 0.6844724191063889 
0.6844724191063889 0.7990887283794362 
0.7990887283794362 0.5940199504585757 
0.5940199504585757 0.8922929209883379 
0.8922929209883379 0.3555931773270194 
0.3555931773270194 0.8478426773923292 
0.8478426773923292 0.4773202456027832 
0.4773202456027832 0.9230968263397832 
0.9230968263397832 0.2626595795024524 
0.2626595795024524 0.7165772417527749 
0.7165772417527749 0.7514489039126123 
0.7514489039126123 0.6910617602682397 
0.6910617602682397 0.7899329939238463 
0.7899329939238463 0.6139737784271132 
0.6139737784271132 0.876936917974875 
0.876936917974875 0.3992986715101286 
0.3992986715101286 0.8874791970293877 
0.8874791970293877 0.3694815259170055 
0.3694815259170055 0.8619702333152729 
0.8619702333152729 0.4402169357166416 
0.4402169357166416 0.9117761453320998 
0.9117761453320998 0.2976295027011184 
0.2976295027011184 0.7734708727451124 
0.7734708727451124 0.6482906225120982 
0.6482906225120982 0.8436365977174052 
0.8436365977174052 0.4880813882240631 
0.4880813882240631 0.9244744027653377 
0.9244744027653377 0.2583394811689367 
0.2583394811689367 0.7089207164617148 
0.7089207164617148 0.763502896662558 
0.763502896662558 0.6680950267666328 
0.6680950267666328 0.8204530293124026 
0.8204530293124026 0.5450464672166665 
0.5450464672166665 0.9174920184278019 
0.9174920184278019 0.2800915338315956 
0.2800915338315956 0.7460689860776011 
0.7460689860776011 0.700965200135743 
0.700965200135743 0.7755680568372828 
0.7755680568372828 0.6440303103884191 
0.6440303103884191 0.848244497850838 
0.848244497850838 0.4762853479514855 
0.4762853479514855 0.9229191765294061 
0.9229191765294061 0.2632156694576493 
0.2632156694576493 0.7175527689955601 
0.7175527689955601 0.7498819329987485 
0.7498819329987485 0.6939683723749932 
0.6939683723749932 0.7857922009173252 
0.7857922009173252 0.6227944262108757 
0.6227944262108757 0.8692096568987048 
0.8692096568987048 0.4206316482351407
