0.4263158596977776 0.917139928004709 
0.917139928004709 0.2849785517408482 
0.2849785517408482 0.7641216629570133 
0.7641216629570133 0.675899051838082 
0.675899051838082 0.8214732133592391 
0.8214732133592391 0.5499561490968193 
0.5499561490968193 0.9281414368778113 
0.9281414368778113 0.2501059126057619 
0.2501059126057619 0.7033235440702533 
0.7033235440702533 0.7824732616001691 
0.7824732616001691 0.6382832118036093 
0.6382832118036093 0.8657915749997931 
0.8657915749997931 0.4357369637218903 
0.4357369637218903 0.9220134831311938 
0.9220134831311938 0.269642325208041 
0.269642325208041 0.7385075312416577 
0.7385075312416577 0.7241780907787864 
0.7241780907787864 0.7490406885554184 
0.7490406885554184 0.7049202579144117 
0.7049202579144117 0.7800288296110912 
0.7800288296110912 0.6434394546999092 
0.6434394546999092 0.8603442106327227 
0.8603442106327227 0.4505701869880499 
0.4505701869880499 0.9283376009460138 
0.9283376009460138 0.2494758735593004 
0.2494758735593004 0.7021412327667164 
0.7021412327667164 0.7842709575583207 
0.7842709575583207 0.634462585083283 
0.634462585083283 0.8696992995477033 
0.8696992995477033 0.4249591046772658 
0.4249591046772658 0.9163832401093591 
0.9163832401093591 0.2873437400851192 
0.2873437400851192 0.767914931696305 
0.767914931696305 0.6683309601531159 
0.6683309601531159 0.831242579452238 
0.831242579452238 0.5260438258418542 
0.5260438258418542 0.9349564467581969 
0.9349564467581969 0.2280483353380644 
0.2280483353380644 0.660158595328508 
0.660158595328508 0.8413095912839972 
0.8413095912839972 0.5006541108658155 
0.5006541108658155 0.9374983955211571 
0.9374983955211571 0.2197318271865494 
0.2197318271865494 0.6429365674042868 
0.6429365674042868 0.8608842663700492 
0.8608842663700492 0.4491095485745676 
0.4491095485745676 0.9277881073264339 
0.9277881073264339 0.251240007112753 
0.251240007112753 0.7054442472702631 
0.7054442472702631 0.7792224797383313 
0.7792224797383313 0.6451305255329145 
0.6451305255329145 0.8585142395945251 
0.8585142395945251 0.4555032750298479 
0.4555032750298479 0.9300751555009898 
0.9300751555009898 0.2438826023279977 
0.2438826023279977 0.6915145447864555 
0.6915145447864555 0.7999581717571378 
0.7999581717571378 0.6000941069854328 
0.6000941069854328 0.8999293865504578 
0.8999293865504578 0.3377118216501543 
0.3377118216501543 0.8387345518795826 
0.8387345518795826 0.5072208876110189 
0.5072208876110189 0.9373044704329089 
0.9373044704329089 0.2203680005227242 
0.2203680005227242 0.6442722932562781 
0.6442722932562781 0.8594456452446543 
0.8594456452446543 0.452995605429953 
0.452995605429953 0.9292147008416375 
0.9292147008416375 0.2466552771803386 
0.2466552771803386 0.6968116928228586 
0.6968116928228586 0.7922443408807528 
0.7922443408807528 0.6172246695869038 
0.6172246695869038 0.8859689131509046 
0.8859689131509046 0.3788549928041604 
0.3788549928041604 0.8824645771181998 
0.8824645771181998 0.3889531771867372 
0.3889531771867372 0.8912572617865494 
0.8912572617865494 0.3634415816223433 
0.3634415816223433 0.8675692438882233 
0.8675692438882233 0.4308481910528993 
0.4308481910528993 0.9195676024475389 
0.9195676024475389 0.2773613511615899 
0.2773613511615899 0.7516201201627767 
0.7516201201627767 0.7000774317347619 
0.7000774317347619 0.7873838299140814 
0.7873838299140814 0.6277895036396788 
0.6277895036396788 0.8762619103482169 
0.8762619103482169 0.406601155579164 
0.406601155579164 0.9047874594781967 
0.9047874594781967 0.3230516724344522 
0.3230516724344522 0.8200848351440835 
0.8200848351440835 0.5532963686654434 
0.5532963686654434 0.9268481140765393 
0.9268481140765393 0.2542525781598812 
0.2542525781598812 0.7110307674710052 
0.7110307674710052 0.7704975569272444 
0.7704975569272444 0.6631165188614706 
0.6631165188614706 0.8377237547794332 
0.8377237547794332 0.5097849954663048 
0.5097849954663048 0.9371409519889665 
0.9371409519889665 0.2209042053531753 
0.2209042053531753 0.6453957652892154 
0.6453957652892154 0.8582252678848626 
0.8582252678848626 0.456279965433069 
0.456279965433069 0.9303320946654988 
0.9303320946654988 0.2430535811280156 
0.2430535811280156 0.6899195168582353 
0.6899195168582353 0.8022396641862543 
0.8022396641862543 0.5949419452221759 
0.5949419452221759 0.90369760139036 
0.90369760139036 0.3263559248687624 
0.3263559248687624 0.8244290068943142 
0.8244290068943142 0.5427968230708838 
0.5427968230708838 0.9306316197563981 
0.9306316197563981 0.2420865302474287 
0.2420865302474287 0.6880524079507105 
0.6880524079507105 0.8048860944897733 
0.8048860944897733 0.5889167602003987 
0.5889167602003987 0.907851786582993 
0.907851786582993 0.3137134506789776 
0.3137134506789776 0.8073649557827486 
0.8073649557827486 0.5832254398375087 
0.5832254398375087 0.9115257231144495 
0.9115257231144495 0.3024246720567356 
0.3024246720567356 0.7911149617054181 
0.7911149617054181 0.6196952965171987 
0.6196952965171987 0.8837738849687246 
0.8837738849687246 0.3851910195600457 
0.3851910195600457 0.8880708675387683 
0.8880708675387683 0.3727537566289041 
0.3727537566289041 0.8767814758047894 
0.8767814758047894 0.4051339480888684 
0.4051339480888684 0.9037516207304793 
0.9037516207304793 0.3261923578406669 
0.3261923578406669 0.8242158882262995 
0.8242158882262995 0.5433152168311186 
0.5433152168311186 0.9304642199657744 
0.9304642199657744 0.2426270824847151 
0.2426270824847151 0.6890969299862638 
0.6890969299862638 0.8034088165116376 
0.8034088165116376 0.5922865877362777 
0.5922865877362777 0.9055619464649788 
0.9055619464649788 0.3206981534232664 
0.3206981534232664 0.8169406793031505 
0.8169406793031505 0.5608072717607157 
0.5608072717607157 0.9236342838788193 
0.9236342838788193 0.2645024757092998 
0.2645024757092998 0.7295284351985666 
0.7295284351985666 0.7399376153823652 
0.7399376153823652 0.7216122777173406 
0.7216122777173406 0.7533299938684961 
0.7533299938684961 0.696839678274704 
0.696839678274704 0.7922030289626663 
0.7922030289626663 0.6173152119939121 
0.6173152119939121 0.885889278880588 
0.885889278880588 0.3790854916688242 
0.3790854916688242 0.8826738062813625 
0.8826738062813625 0.3883528424480034 
0.3883528424480034 0.8907559207895989 
0.8907559207895989 0.3649117888795227 
0.3649117888795227 0.8690669070610101 
0.8690669070610101 0.426711067921574 
0.426711067921574 0.9173577466305146 
0.9173577466305146 0.2842969174781219 
0.2842969174781219 0.7630206757145993 
0.7630206757145993 0.6780754655498834 
0.6780754655498834 0.8185842321344712 
0.8185842321344712 0.5568903263823352 
0.5568903263823352 0.9253630903654176 
0.9253630903654176 0.2589984050804308 
0.2589984050804308 0.7196933671733396 
0.7196933671733396 0.7565055915751506 
0.7565055915751506 0.6907683055900575 
0.6907683055900575 0.8010279509336191 
0.8010279509336191 0.5976831478376498 
0.5976831478376498 0.9017175098569795 
0.9017175098569795 0.3323364085286534 
0.3323364085286534 0.8320834503559853 
0.8320834503559853 0.5239521824987394 
0.5239521824987394 0.9353485985758015 
0.9353485985758015 0.226768491442821 
0.226768491442821 0.657542035243381 
0.657542035243381 0.8444269017426499 
0.8444269017426499 0.4926379100848462 
0.4926379100848462 0.9372967486203047 
0.9372967486203047 0.2203933261729128 
0.2203933261729128 0.6443254048175733 
0.6443254048175733 0.8593881657159135 
0.8593881657159135 0.4531505487875667 
0.4531505487875667 0.9292692334541018 
0.9292692334541018 0.2464797195364793 
0.2464797195364793 0.6964780027263667 
0.6964780027263667 0.7927364791674668 
0.7927364791674668 0.6161450766173823 
0.6161450766173823 0.886913704415784 
0.886913704415784 0.3761166950072075 
0.3761166950072075 0.8799484752902353 
0.8799484752902353 0.3961468354673454 
0.3961468354673454 0.8970544508120751 
0.8970544508120751 0.3463041115887053 
