0.3509214997432213 0.8655472828925207 
0.8655472828925207 0.4422256990856027 
0.4422256990856027 0.93731609458464 
0.93731609458464 0.223267606985505 
0.223267606985505 0.65899289409459 
0.65899289409459 0.8539407865842206 
0.8539407865842206 0.4739584944501442 
0.4739584944501442 0.9474229919570477 
0.9474229919570477 0.1892881318191738 
0.1892881318191738 0.5831409128920072 
0.5831409128920072 0.9237328366932378 
0.9237328366932378 0.267711835810027 
0.267711835810027 0.7449603933535582 
0.7449603933535582 0.721978741614666 
0.721978741614666 0.7627566654304435 
0.7627566654304435 0.687643952133121 
0.687643952133121 0.8162010394658793 
0.8162010394658793 0.5700642300346502 
0.5700642300346502 0.9313458139446761 
0.9313458139446761 0.2429749974111385 
0.2429749974111385 0.6989649625679438 
0.6989649625679438 0.7995691859472794 
0.7995691859472794 0.6089815507573604 
0.6089815507573604 0.9048674820591792 
0.9048674820591792 0.3271128234900287 
0.3271128234900287 0.8364180919539582 
0.8364180919539582 0.5199268961430208 
0.5199268961430208 0.9484910914783999 
0.9484910914783999 0.1856518152851513 
0.1856518152851513 0.5745038313126215 
0.5745038313126215 0.9289068806550136 
0.9289068806550136 0.2509477733617865 
0.2509477733617865 0.7142973559448822 
0.7142973559448822 0.7754912442931234 
0.7754912442931234 0.6615973824077409 
0.6615973824077409 0.8507678867960721 
0.8507678867960721 0.4824551804519482 
0.4824551804519482 0.9488302813666999 
0.9488302813666999 0.1844952384074982 
0.1844952384074982 0.5717356325673426 
0.5717356325673426 0.9304451962766201 
0.9304451962766201 0.2459243454090514 
0.2459243454090514 0.7046931346278877 
0.7046931346278877 0.7907827384175958 
0.7907827384175958 0.6286925163457833 
0.6286925163457833 0.8870652976990432 
0.8870652976990432 0.380685730205174 
0.380685730205174 0.8959035990886444 
0.8959035990886444 0.3543892928689002 
0.3543892928689002 0.869430583481368 
0.869430583481368 0.4313799671567406 
0.4313799671567406 0.9321069061518419 
0.9321069061518419 0.2404777622923566 
0.2404777622923566 0.6940631909138262 
0.6940631909138262 0.8068900161429066 
0.8068900161429066 0.5921103683688649 
0.5921103683688649 0.9177595841480176 
0.9177595841480176 0.2868123334394064 
0.2868123334394064 0.7772938715405069 
0.7772938715405069 0.657810813463092 
0.657810813463092 0.8553638391856452 
0.8553638391856452 0.4701228588371079 
0.4701228588371079 0.946607954456544 
0.946607954456544 0.1920570730613378 
0.1920570730613378 0.589650384244109 
0.589650384244109 0.9194586726985577 
0.9194586726985577 0.281406803212264 
0.281406803212264 0.7684246544088488 
0.7684246544088488 0.6762031786408623 
0.6762031786408623 0.832019271380054 
0.832019271380054 0.5311001730425804 
0.5311001730425804 0.9463245610995419 
0.9463245610995419 0.193018667405345 
0.193018667405345 0.5918973534659572 
0.5918973534659572 0.9179085304186211 
0.9179085304186211 0.2863393487727241 
0.2863393487727241 0.7765266792451182 
0.7765266792451182 0.6594253835295365 
0.6594253835295365 0.8534174789285487 
0.8534174789285487 0.4753651252335976 
0.4753651252335976 0.947693867191926 
0.947693867191926 0.1883667648592047 
0.1883667648592047 0.5809619616715908 
0.5809619616715908 0.9250916108966939 
0.9250916108966939 0.2633290649119644 
0.2633290649119644 0.7371501002413083 
0.7371501002413083 0.7362873538310422 
0.7362873538310422 0.7378394883941908 
0.7378394883941908 0.7350430354894804 
0.7350430354894804 0.7400681315779853 
0.7400681315779853 0.7309957103624893 
0.7309957103624893 0.7472357308176899 
0.7472357308176899 0.7177230749467626 
0.7177230749467626 0.7698673180157602 
0.7698673180157602 0.673252196534526 
0.673252196534526 0.8359379703046556 
0.8359379703046556 0.5211535844088357 
0.5211535844088357 0.9482995982933013 
0.9482995982933013 0.1863043866462456 
0.1863043866462456 0.5760612362179249 
0.5760612362179249 0.9280158157110038 
0.9280158157110038 0.2538493537047274 
0.2538493537047274 0.7197574654479945 
0.7197574654479945 0.7664852942435194 
0.7664852942435194 0.6801452342173905 
0.6801452342173905 0.8266812394372938 
0.8266812394372938 0.5444615976389114 
0.5444615976389114 0.942488032074503 
0.942488032074503 0.2059764975891675 
0.2059764975891675 0.6214906841142552 
0.6214906841142552 0.8939120519591108 
0.8939120519591108 0.3603665222211785 
0.3603665222211785 0.8759094691568872 
0.8759094691568872 0.4130298697931117 
0.4130298697931117 0.9212575465168282 
0.9212575465168282 0.2756599021099647 
0.2756599021099647 0.7587517778190197 
0.7587517778190197 0.6955805664068873 
0.6955805664068873 0.8046433197670524 
0.8046433197670524 0.5973313013409759 
0.5973313013409759 0.9140011475612342 
0.9140011475612342 0.2986915893083286 
0.2986915893083286 0.7960047103822147 
0.7960047103822147 0.6170486034398567 
0.6170486034398567 0.8979385728445607 
0.8979385728445607 0.3482505905212502 
0.3482505905212502 0.8624940435468327 
0.8624940435468327 0.4506726598936545 
0.4506726598936545 0.9407538913685249 
0.9407538913685249 0.2117968275253095 
0.2117968275253095 0.6343679392269905 
0.6343679392269905 0.8813919762499887 
0.8813919762499887 0.3972526097180867 
0.3972526097180867 0.9098833004029735 
0.9098833004029735 0.31158358419291 
0.31158358419291 0.815097166166757 
0.815097166166757 0.5727123483199806 
0.5727123483199806 0.9299090747268164 
0.9299090747268164 0.2476771123766239 
0.2476771123766239 0.7080660094493241 
0.7080660094493241 0.7854924357049684 
0.7854924357049684 0.640277462789929 
0.640277462789929 0.8752244870462363 
0.8752244870462363 0.4149850204193775 
0.4149850204193775 0.922535322338244 
0.922535322338244 0.2715628252307618 
0.2715628252307618 0.7517025372971041 
0.7517025372971041 0.7092541643291596 
0.7092541643291596 0.7836082399014392 
0.7836082399014392 0.6443521917880292 
0.6443521917880292 0.8708172899587698 
0.8708172899587698 0.4274792423770077 
0.4274792423770077 0.9300148109123914 
0.9300148109123914 0.2473315971047252 
0.2473315971047252 0.707402977077734 
0.707402977077734 0.7865392193773131 
0.7865392193773131 0.6380020478828322 
0.6380020478828322 0.8776306521645489 
0.8776306521645489 0.4081013440739543 
0.4081013440739543 0.9179076207481479 
0.9179076207481479 0.2863422379783642 
0.2863422379783642 0.776531370766043 
0.776531370766043 0.6594155237325625 
0.6594155237325625 0.8534294250136766 
0.8534294250136766 0.4753330378311075 
0.4753330378311075 0.947687855713962 
0.947687855713962 0.1883872186156921 
0.1883872186156921 0.581010403016155 
0.581010403016155 0.9250617954920085 
0.9250617954920085 0.2634253860498177 
0.2634253860498177 0.7373233177304245 
0.7373233177304245 0.7359750428734111 
0.7359750428734111 0.7383999607353888 
0.7383999607353888 0.7340287431411872 
0.7340287431411872 0.7418760800582737 
0.7418760800582737 0.7276846552034456 
0.7276846552034456 0.7530068515825746 
0.7530068515825746 0.7067526255986375 
0.7067526255986375 0.7875627368706645 
0.7875627368706645 0.6357691549811213 
0.6357691549811213 0.8799535989117065 
0.8799535989117065 0.4014139981613597 
0.4014139981613597 0.9130670409175922 
0.9130670409175922 0.3016273548888201 
0.3016273548888201 0.8004635159520567 
0.8004635159520567 0.6069423672105672 
0.6069423672105672 0.9065406543625207 
0.9065406543625207 0.321953846131875 
0.321953846131875 0.8295383549525184 
0.8295383549525184 0.5373369959377144 
0.5373369959377144 0.944702605190519 
0.944702605190519 0.1985104531597086 
0.1985104531597086 0.6045954019549358 
0.6045954019549358 0.9084272471815645 
0.9084272471815645 0.3161112982868189 
0.3161112982868189 0.8215027924525147 
0.8215027924525147 0.557216626891894 
0.557216626891894 0.9375597789070323 
0.9375597789070323 0.2224574715547501 
0.2224574715547501 0.657286550636027
