0.665935057881238 0.8564923927789083 
0.8564923927789083 0.4732157194794589 
0.4732157194794589 0.9597380189204384 
0.9597380189204384 0.1487676727425758 
0.1487676727425758 0.4875480313139347 
0.4875480313139347 0.961903051631989 
0.961903051631989 0.1410854479382661 
0.1410854479382661 0.4665443256255509 
0.4665443256255509 0.9581907637307807 
0.9581907637307807 0.154235712522445 
0.154235712522445 0.502221171394784 
0.502221171394784 0.9624810056308948 
0.9624810056308948 0.1390285798079496 
0.1390285798079496 0.4608435901474568 
0.4608435901474568 0.9565970859347197 
0.9565970859347197 0.1598485392963004 
0.1598485392963004 0.5170433875573872 
0.5170433875573872 0.9613816633211895 
0.9613816633211895 0.1429387988912444 
0.1429387988912444 0.4716530998516754 
0.4716530998516754 0.9594063450201266 
0.9594063450201266 0.1499413690977065 
0.1499413690977065 0.4907169764836255 
0.4907169764836255 0.9621682280764187 
0.9621682280764187 0.1401420364833083 
0.1401420364833083 0.4639336474604346 
0.4639336474604346 0.9574919901257934 
0.9574919901257934 0.1566991540373525 
0.1566991540373525 0.5087564372711227 
0.5087564372711227 0.9622048005043201 
0.9622048005043201 0.1400118812044323 
0.1400118812044323 0.4635729341552088 
0.4635729341552088 0.9573913151646661 
0.9573913151646661 0.1570537615259577 
0.1570537615259577 0.5096933284385454 
0.5096933284385454 0.9621382516275626 
0.9621382516275626 0.1402487100730856 
0.1402487100730856 0.4642291861742964 
0.4642291861742964 0.9575737281812504 
0.9575737281812504 0.156411190621498 
0.156411190621498 0.5079949107689741 
0.5079949107689741 0.9622539133969151 
0.9622539133969151 0.1398370802645636 
0.1398370802645636 0.4630882843034355 
0.4630882843034355 0.9572544721906937 
0.9572544721906937 0.157535638497199 
0.157535638497199 0.5109649202368434 
0.5109649202368434 0.9620371165181687 
0.9620371165181687 0.1406085563943684 
0.1406085563943684 0.4652254925127814 
0.4652254925127814 0.9578443244717323 
0.9578443244717323 0.155457512013739 
0.155457512013739 0.5054683247931132 
0.5054683247931132 0.9623848750822346 
0.9623848750822346 0.1393708750864673 
0.1393708750864673 0.4617945419167837 
0.4617945419167837 0.9568803204447087 
0.9568803204447087 0.1588524352428101 
0.1588524352428101 0.5144306053819199 
0.5144306053819199 0.9616982668689985 
0.9616982668689985 0.1418136349251277 
0.1418136349251277 0.4685547323166337 
0.4685547323166337 0.9586931012902375 
0.9586931012902375 0.1524624594906639 
0.1524624594906639 0.4974879830563781 
0.4974879830563781 0.9624757056178687 
0.9624757056178687 0.1390474535960298 
0.1390474535960298 0.4608960480912854 
0.4608960480912854 0.9566128916387155 
0.9566128916387155 0.1597929686789229 
0.1597929686789229 0.5168978269828436 
0.5168978269828436 0.9614006842565429 
0.9614006842565429 0.1428712229852369 
0.1428712229852369 0.4714672910175676 
0.4714672910175676 0.9593656553947767 
0.9593656553947767 0.15008529937835 
0.15008529937835 0.491104853812115 
0.491104853812115 0.9621953740410403 
0.9621953740410403 0.1400454294279921 
0.1400454294279921 0.4636659224286372 
0.4636659224286372 0.957417364007097 
0.957417364007097 0.1569620171534759 
0.1569620171534759 0.5094510279496631 
0.5094510279496631 0.9621561105721745 
0.9621561105721745 0.1401851584240799 
0.1401851584240799 0.4640531271595278 
0.4640531271595278 0.9575251159820151 
0.9575251159820151 0.1565824577457281 
0.1565824577457281 0.5084479079373362 
0.5084479079373362 0.9622252364782069 
0.9622252364782069 0.139939148436263 
0.139939148436263 0.4633713052091067 
0.4633713052091067 0.957334604063975 
0.957334604063975 0.1572534807137419 
0.1572534807137419 0.5102205705410456 
0.5102205705410456 0.9620978287605897 
0.9620978287605897 0.1403925471207826 
0.1403925471207826 0.4646275473598276 
0.4646275473598276 0.9576828399377423 
0.9576828399377423 0.1560267094021135 
0.1560267094021135 0.5069771451177583 
0.5069771451177583 0.9623125798671222 
0.9623125798671222 0.1396282522119323 
0.1396282522119323 0.4625089830752674 
0.4625089830752674 0.9570885310523054 
0.9570885310523054 0.1581197879047157 
0.1581197879047157 0.5125039942240812 
0.5125039942240812 0.96189805299451 
0.96189805299451 0.1411032262635411 
0.1411032262635411 0.4665934573360099 
0.4665934573360099 0.9582034111928701 
0.9582034111928701 0.1541910907891877 
0.1541910907891877 0.5021023634951485 
0.5021023634951485 0.962482983260777 
0.962482983260777 0.1390215372477158 
0.1390215372477158 0.4608240153016414 
0.4608240153016414 0.9565911825582187 
0.9565911825582187 0.1598692942388364 
0.1598692942388364 0.5170977465438891 
0.5170977465438891 0.9613745181930156 
0.9613745181930156 0.1429641827543266 
0.1429641827543266 0.4717228870342993 
0.4717228870342993 0.9594215587969512 
0.9594215587969512 0.149887550553431 
0.149887550553431 0.4905719000587162 
0.4905719000587162 0.9621577770862642 
0.9621577770862642 0.1401792279529294 
0.1401792279529294 0.4640366962132829 
0.4640366962132829 0.9575205670058655 
0.9575205670058655 0.1565984834515306 
0.1565984834515306 0.5084902839640134 
0.5084902839640134 0.9622224730511101 
0.9622224730511101 0.1399489838150859 
0.1399489838150859 0.4633985731152113 
0.4633985731152113 0.9573422918674902 
0.9573422918674902 0.1572264080671569 
0.1572264080671569 0.5101491189928085 
0.5101491189928085 0.9621034322271288 
0.9621034322271288 0.1403726090070434 
0.1403726090070434 0.4645723376432568 
0.4645723376432568 0.9576677908487559 
0.9576677908487559 0.1560797438955349 
0.1560797438955349 0.5071176011480008 
0.5071176011480008 0.9623049580525073 
0.9623049580525073 0.1396553841762676 
0.1396553841762676 0.4625842677103597 
0.4625842677103597 0.9571102424623353 
0.9571102424623353 0.1580433710086963 
0.1580433710086963 0.5123028059722798 
0.5123028059722798 0.9619172677160525 
0.9619172677160525 0.1410348854750864 
0.1410348854750864 0.4664045792333453 
0.4664045792333453 0.9581546886585189 
0.9581546886585189 0.15436298285183 
0.15436298285183 0.5025599516511251 
0.5025599516511251 0.962474769593044 
0.962474769593044 0.1390507868359643 
0.1390507868359643 0.4609053122376146 
0.4609053122376146 0.9566156807467322 
0.9566156807467322 0.1597831623703636 
0.1597831623703636 0.516872138064165 
0.516872138064165 0.9614040241850035 
0.9614040241850035 0.1428593568936562 
0.1428593568936562 0.4714346600101106 
0.4714346600101106 0.9593584822023589 
0.9593584822023589 0.1501106715906688 
0.1501106715906688 0.4911732127812788 
0.4911732127812788 0.9622000381354724 
0.9622000381354724 0.1400288302781363 
0.1400288302781363 0.4636199143309318 
0.4636199143309318 0.9574044840618382 
0.9574044840618382 0.1570073811464759 
0.1570073811464759 0.5095708441362043 
0.5095708441362043 0.9621473359287038 
0.9621473359287038 0.1402163835919068 
0.1402163835919068 0.4641396350526092 
0.4641396350526092 0.9575490317694837 
0.9575490317694837 0.1564982015782108 
0.1564982015782108 0.5082250807518366 
0.5082250807518366 0.9622395399795092 
0.9622395399795092 0.1398882395661972 
0.1398882395661972 0.4632301519894796 
0.4632301519894796 0.9572947163675404 
0.9572947163675404 0.1573939381719736 
0.1573939381719736 0.5105911826349586 
0.5105911826349586 0.9620681333740129 
0.9620681333740129 0.1404982044629835 
0.1404982044629835 0.4649200671717956 
0.4649200671717956 0.9577621835041594 
0.9577621835041594 0.1557470659109915 
0.1557470659109915 0.5062361818787687 
0.5062361818787687 0.9623502736369635 
0.9623502736369635 0.1394940642011263 
0.1394940642011263 0.4621365604770468 
0.4621365604770468 0.956980485797843 
0.956980485797843 0.1585000170598745 
0.1585000170598745 0.513504382359792 
0.513504382359792 0.9617978818797601 
0.9617978818797601 0.1414594577217634 
0.1414594577217634 0.467577416239888
