0.9359999999999999 0.2336256000000002 
0.2336256000000002 0.6982742481960964 
0.6982742481960964 0.8216805577588637 
0.8216805577588637 0.5714343131637907 
0.5714343131637907 0.9550988417209882 
0.9550988417209882 0.167251672630438 
0.167251672630438 0.5431863474677594 
0.5431863474677594 0.9677262636303364 
0.9677262636303364 0.1218053550105796 
0.1218053550105796 0.4171783609551725 
0.4171783609551725 0.9482482468131205 
0.9482482468131205 0.1913866859929589 
0.1913866859929589 0.6035555074286068 
0.6035555074286068 0.9331774018366947 
0.9331774018366947 0.2431936202982417 
0.2431936202982417 0.7177968850434577 
0.7177968850434577 0.7900016157749308 
0.7900016157749308 0.6470063451069247 
0.6470063451069247 0.8907176245433847 
0.8907176245433847 0.3796249776975814 
0.3796249776975814 0.9184884306221998 
0.9184884306221998 0.2919829903979363 
0.2919829903979363 0.8062428024932384 
0.8062428024932384 0.6092398490922407 
0.6092398490922407 0.9284599559441874 
0.9284599559441874 0.2590460579939894 
0.2590460579939894 0.7485706715438799 
0.7485706715438799 0.7340292228680758 
0.7340292228680758 0.7613982590906816 
0.7613982590906816 0.7085167055630075 
0.7085167055630075 0.8054310556544851 
0.8054310556544851 0.6111762939429686 
0.6111762939429686 0.9267953434939159 
0.9267953434939159 0.2645983656104503 
0.2645983656104503 0.7588856750542422 
0.7588856750542422 0.7136150082816662 
0.7136150082816662 0.7970376501236123 
0.7970376501236123 0.6308976741952658 
0.6308976741952658 0.9081766156720531 
0.9081766156720531 0.3252282166321853 
0.3252282166321853 0.8558738125798911 
0.8558738125798911 0.4810799351274248 
0.4810799351274248 0.9736039214663483 
0.9736039214663483 0.1002273697296182 
0.1002273697296182 0.3517091919381323 
0.3517091919381323 0.8892383613529973 
0.8892383613529973 0.3841246423998107 
0.3841246423998107 0.9226343158540102 
0.9226343158540102 0.2783829167441896 
0.2783829167441896 0.78345488679583 
0.78345488679583 0.6616479758910965 
0.6616479758910965 0.8730927343722149 
0.8730927343722149 0.4321270650787892 
0.4321270650787892 0.9570337323502063 
0.9570337323502063 0.1603686532267561 
0.1603686532267561 0.5251371383270708 
0.5251371383270708 0.9725356846792304 
0.9725356846792304 0.1041691041484508 
0.1041691041484508 0.3639398173685042 
0.3639398173685042 0.9028017441389076 
0.9028017441389076 0.3422279441827508 
0.3422279441827508 0.8779211157724753 
0.8779211157724753 0.4179849579878204 
0.4179849579878204 0.9487667782465876 
0.9487667782465876 0.1895726770944944 
0.1895726770944944 0.5991760210555117 
0.5991760210555117 0.9366400557056271 
0.9366400557056271 0.2314473008382086 
0.2314473008382086 0.6937298463143738 
0.6937298463143738 0.8286281119233355 
0.8286281119233355 0.5538138998094443 
0.5538138998094443 0.9637058503304664 
0.9637058503304664 0.1364098490402664 
0.1364098490402664 0.4594285882878048 
0.4594285882878048 0.9685804461515501 
0.9685804461515501 0.1186862253892154 
0.1186862253892154 0.4079392406390955 
0.4079392406390955 0.941946784684985 
0.941946784684985 0.2132638540757535 
0.2132638540757535 0.654351292219986 
0.654351292219986 0.8820851465010798 
0.8820851465010798 0.4056426692106686 
0.4056426692106686 0.9402771070926195 
0.9402771070926195 0.2190086689836009 
0.2190086689836009 0.6670711003851665 
0.6670711003851665 0.8661402649227495 
0.8661402649227495 0.4521710949689652 
0.4521710949689652 0.9660783437897759 
0.9660783437897759 0.1278068120557 
0.1278068120557 0.4347417003066501 
0.4347417003066501 0.9583912818524185 
0.9583912818524185 0.1555219876146168 
0.1555219876146168 0.5122061060337615 
0.5122061060337615 0.974418942804421 
0.974418942804421 0.09721400016250857 
0.09721400016250857 0.3422774095061581 
0.3422774095061581 0.8779819793468563 
0.8779819793468563 0.4178055308272275 
0.4178055308272275 0.948651870025884 
0.948651870025884 0.1899748481368813 
0.1899748481368813 0.6001491803277759 
0.6001491803277759 0.9358835525507311 
0.9358835525507311 0.2340215616014408 
0.2340215616014408 0.699096334197549 
0.699096334197549 0.8204065338654817 
0.8204065338654817 0.574624646919601 
0.574624646919601 0.953281532081287 
0.953281532081287 0.1736898254287607 
0.1736898254287607 0.5597345128880207 
0.5597345128880207 0.9610839730831204 
0.9610839730831204 0.1458661220869487 
0.1458661220869487 0.4858978664056298 
0.4858978664056298 0.9742244063295374 
0.9742244063295374 0.0979337285214513 
0.0979337285214513 0.3445365820234181 
0.3445365820234181 0.8807413901170504 
0.8807413901170504 0.4096403760217704 
0.4096403760217704 0.9431570395826006 
0.9431570395826006 0.2090861692467031 
0.2090861692467031 0.6449396579981242 
0.6449396579981242 0.8930707326036084 
0.8930707326036084 0.3724320567648042 
0.3724320567648042 0.9115330374490932 
0.9115330374490932 0.3144981804429007 
0.3144981804429007 0.8407973922699209 
0.8407973922699209 0.5220428359458845 
0.5220428359458845 0.973105042195505 
0.973105042195505 0.1020693142918389 
0.1020693142918389 0.3574395605501475 
0.3574395605501475 0.8957384323050732 
0.8957384323050732 0.3642252634672196 
0.3642252634672196 0.9031043615858709 
0.9031043615858709 0.341276807314745 
0.341276807314745 0.8767470976048176 
0.8767470976048176 0.4214403353407495 
0.4214403353407495 0.9509306784456418 
0.9509306784456418 0.1819799406225574 
0.1819799406225574 0.5805666431509147 
0.5805666431509147 0.9496851624444334 
0.9496851624444334 0.186354693241562 
0.186354693241562 0.5913438240387808 
0.5913438240387808 0.9424595926588918 
0.9424595926588918 0.2114950845700974 
0.2114950845700974 0.6503831637138605 
0.6503831637138605 0.8868011258784999 
0.8868011258784999 0.3915010671745869 
0.3915010671745869 0.9290891281454114 
0.9290891281454114 0.2569418284189016 
0.2569418284189016 0.7445986283878481 
0.7445986283878481 0.7416688928640552 
0.7416688928640552 0.7472249702652609 
0.7472249702652609 0.7366312749016294 
0.7366312749016294 0.756621994979875 
0.756621994979875 0.7181660916009411 
0.7181660916009411 0.789373870254722 
0.789373870254722 0.6484247765338328 
0.6484247765338328 0.889083334272439 
0.889083334272439 0.3845952200666218 
0.3845952200666218 0.9230587733972613 
0.9230587733972613 0.2769829695812585 
0.2769829695812585 0.7810272761585038 
0.7810272761585038 0.666992313214235 
0.666992313214235 0.8662429125766994 
0.8662429125766994 0.4518779030506109 
0.4518779030506109 0.9659686287622551 
0.9659686287622551 0.1282056243367524 
0.1282056243367524 0.4358988746781862 
0.4358988746781862 0.9589750783566606 
0.9589750783566606 0.1534333220452392 
0.1534333220452392 0.5065769971524644 
0.5065769971524644 0.9748312981229802 
0.9748312981229802 0.09568742945909746 
0.09568742945909746 0.3374722466801701 
0.3374722466801701 0.8719804446631532 
0.8719804446631532 0.4353591402739911 
0.4353591402739911 0.9587040810901414 
0.9587040810901414 0.1544032073658711 
0.1544032073658711 0.5091951419919114 
0.5091951419919114 0.9746702525186195 
0.9746702525186195 0.09628379035824901 
0.09628379035824901 0.3393515660827413 
0.3393515660827413 0.8743491146517353 
0.8743491146517353 0.4284646874019017 
0.4284646874019017 0.9550425263008202 
0.9550425263008202 0.1674515671052927 
0.1674515671052927 0.54370500513917 
0.54370500513917 0.967550502850562 
0.967550502850562 0.1224464564083278 
0.1224464564083278 0.4190679547133481 
0.4190679547133481 0.9494550157783055 
0.9494550157783055 0.1871617362877203 
0.1871617362877203 0.593315660954196 
0.593315660954196 0.941039530940658 
0.941039530940658 0.2163881153758132 
0.2163881153758132 0.6613007657096762 
0.6613007657096762 0.8735300456277414 
0.8735300456277414 0.430853689552016 
0.430853689552016 0.956353272230581 
0.956353272230581 0.1627925946053209 
0.1627925946053209 0.5315355464132553
