0 0.5
1 0.9975
2 0.009950062499999789
3 0.03930572443742109
4 0.1506655300108438
5 0.5105820580288073
6 0.997053199991021
7 0.01172308435095729
8 0.04622675804058795
9 0.1759184810777631
10 0.5784349646812926
11 0.9729533456986232
12 0.1049973798419895
13 0.374951990972543
14 0.9351083517986934
15 0.2421160815581474
16 0.732148579590213
17 0.7824670776070438
18 0.6791472767718638
19 0.8694459503686487
20 0.4529036621272619
21 0.9886499204863178
22 0.04477280828277388
23 0.170645133645779
24 0.5646862343150849
25 0.9808046074496345
26 0.0751194485262595
27 0.2772113027476869
28 0.7994571335427026
29 0.639698446429848
30 0.9196325328196968
31 0.2948950642233111
32 0.8296485416269609
33 0.5639140376228392
34 0.9812008332210377
35 0.07359857484844252
36 0.2720454802685957
37 0.7901665803667591
38 0.6615553889966619
39 0.8933604265816878
40 0.3801176234498957
41 0.9401565810128689
42 0.2244861149223364
43 0.6946274755263538
44 0.8463593816232517
45 0.518840363258619
46 0.9960837124420103
47 0.0155647914965137
48 0.06113688976111321
49 0.2290226901810883
50 0.7045194772775891
51 0.8306054158222658
52 0.5613932355256571
53 0.982461173820448
54 0.06875255086562408
55 0.2554622940842245
56 0.7589032284379443
57 0.7300467820345944
58 0.786343127521356
59 0.6703503771519409
60 0.8817131885267242
61 0.4161372164019984
62 0.9694384637735072
63 0.1182138396325787
64 0.4159149177300877
65 0.9692894987692519
66 0.1187717917161684
67 0.4176135623027111
68 0.9704177747853676
69 0.1145413974922728
70 0.4046724463536319
71 0.9612415034880372
72 0.1486525390857791
73 0.5049542972194286
74 0.9974020652068556
75 0.01033883025654036
76 0.04082543599341256
77 0.1562432918797478
78 0.5260069892330876
79 0.9948013096790099
80 0.02063493912034671
81 0.08063446224730669
82 0.2957888575241235
83 0.8311082590619021
84 0.5600656099161754
85 0.9831045687965375
86 0.0662738026755671
87 0.2469075271604035
88 0.7419173587658331
89 0.7639892061957753
90 0.7194356990583766
