0.4857947181713122 0.99919283987267 
0.99919283987267 0.003226034479435208 
0.003226034479435208 0.01286250872389081 
0.01286250872389081 0.05078825837287458 
0.05078825837287458 0.1928352447372988 
0.1928352447372988 0.6225992524976196 
0.6225992524976196 0.9398776931480997 
0.9398776931480997 0.2260304602828251 
0.2260304602828251 0.6997627652286373 
0.6997627652286373 0.8403793505128333 
0.8403793505128333 0.5365675909778471 
0.5365675909778471 0.9946512451603075 
0.9946512451603075 0.02128058264542966 
0.02128058264542966 0.08331087779080278 
0.08331087779080278 0.3054807017301148 
0.3054807017301148 0.8486489704023656 
0.8486489704023656 0.5137755817494815 
0.5137755817494815 0.9992409333898534 
0.9992409333898534 0.003033961712111742 
0.003033961712111742 0.01209902715376473 
0.01209902715376473 0.04781056278278876 
0.04781056278278876 0.1820988514767271 
0.1820988514767271 0.595755439070336 
0.595755439070336 0.9633235835537887 
0.9633235835537887 0.1413250276915017 
0.1413250276915017 0.4854090569579917 
0.4854090569579917 0.9991484175245795 
0.9991484175245795 0.00340342913083222 
0.00340342913083222 0.01356738320393449 
0.01356738320393449 0.05353323726772834 
0.05353323726772834 0.2026697191014618 
0.2026697191014618 0.6463788162431854 
0.6463788162431854 0.9142929686209751 
0.9142929686209751 0.313445344604879 
0.313445344604879 0.8607894422016306 
0.8607894422016306 0.4793239135833451 
0.4793239135833451 0.998289997801964 
0.998289997801964 0.006828312362074707 
0.006828312362074707 0.02712674604944258 
0.02712674604944258 0.1055635427928465 
0.1055635427928465 0.3776795249034776 
0.3776795249034776 0.9401508054886442 
0.9401508054886442 0.2250690737107909 
0.2250690737107909 0.6976519430790299 
0.6976519430790299 0.8437348375883357 
0.8437348375883357 0.527385445712482 
0.527385445712482 0.9970001494525148 
0.9970001494525148 0.01196340577671179 
0.01196340577671179 0.04728113079573412 
0.04728113079573412 0.1801825018656432 
0.1801825018656432 0.5908670715483227 
0.5908670715483227 0.966972701232928 
0.966972701232928 0.1277459852128903 
0.1277459852128903 0.4457077938995131 
0.4457077938995131 0.9882094254269691 
0.9882094254269691 0.04660622769707479 
0.04660622769707479 0.1777363489476928 
0.1777363489476928 0.5845845568417471 
0.5845845568417471 0.971381810975541 
0.971381810975541 0.1111967531256774 
0.1111967531256774 0.3953281408799381 
0.3953281408799381 0.9561752076333998 
0.9561752076333998 0.1676167197624983 
0.1676167197624983 0.5580854200742337 
0.5580854200742337 0.9865043358991993 
0.9865043358991993 0.05325412460511631 
0.05325412460511631 0.2016724912706362 
0.2016724912706362 0.6440027901413254 
0.6440027901413254 0.9170527857260535 
0.9170527857260535 0.3042678956725539 
0.3042678956725539 0.846755773342199 
0.846755773342199 0.5190417346154141 
0.5190417346154141 0.9985496493713446 
0.9985496493713446 0.005792988446837414 
0.005792988446837414 0.02303771892676889 
0.02303771892676889 0.09002792973368033 
0.09002792973368033 0.3276916064061914 
0.3276916064061914 0.8812392699884845 
0.8812392699884845 0.4186264760745898 
0.4186264760745898 0.9735133984158427 
0.9735133984158427 0.1031402460827176 
0.1031402460827176 0.3700093428828561 
0.3700093428828561 0.9324097162490126 
0.9324097162490126 0.2520873491737937 
0.2520873491737937 0.7541572702412941 
0.7541572702412941 0.7416163279339753 
0.7416163279339753 0.7664862003028069 
0.7664862003028069 0.7159404201926891 
0.7159404201926891 0.8134789397080194 
0.8134789397080194 0.6069238174381437 
0.6069238174381437 0.9542691890578181 
0.9542691890578181 0.1745580154910093 
0.1745580154910093 0.5763500588753994 
0.5763500588753994 0.9766826740388922 
0.9766826740388922 0.09109451308452501 
0.09109451308452501 0.3311852110816733 
0.3311852110816733 0.8860062681698431 
0.8860062681698431 0.4039966437343648 
0.4039966437343648 0.9631334223429342 
0.9631334223429342 0.1420297324356854 
0.1420297324356854 0.4874291501597319 
0.4874291501597319 0.9993678949371738 
0.9993678949371738 0.002526822024062928 
0.002526822024062928 0.01008174877808656 
0.01008174877808656 0.03992042847864842 
0.03992042847864842 0.1533071514749181 
0.1533071514749181 0.5192162751262586 
0.5192162751262586 0.9985229390810877 
0.9985229390810877 0.005899516839816526 
0.005899516839816526 0.02345885016349299 
0.02345885016349299 0.0916341300499991 
0.0916341300499991 0.3329492650399158 
0.3329492650399158 0.8883762077971828 
0.8883762077971828 0.3966556848683178 
0.3966556848683178 0.9572798101198543 
0.9572798101198543 0.163580701027 
0.163580701027 0.547288221114061 
0.547288221114061 0.9910552965754708 
0.9910552965754708 0.03545878282070583 
0.03545878282070583 0.1368058301663194 
0.1368058301663194 0.4723599799952943 
0.4723599799952943 0.996944117176558 
0.996944117176558 0.01218617761444575 
0.01218617761444575 0.04815069875837974 
0.04815069875837974 0.183328835869838 
0.183328835869838 0.5988774952337921 
0.5988774952337921 0.9608929637451658 
0.9608929637451658 0.1503107038807893 
0.1503107038807893 0.5108695847186039 
0.5108695847186039 0.9995274085121804 
0.9995274085121804 0.001889472580421123 
0.001889472580421123 0.007543609895155837 
0.007543609895155837 0.02994681537962218 
0.02994681537962218 0.116200014512964 
0.116200014512964 0.4107902845606038 
0.4107902845606038 0.9681665066848879 
0.9681665066848879 0.1232804880738752 
0.1232804880738752 0.4323296373365693 
0.4323296373365693 0.9816828880679992 
0.9816828880679992 0.07192638136988544 
0.07192638136988544 0.267011908131677 
0.267011908131677 0.7828661961902315 
0.7828661961902315 0.679946860211478 
0.679946860211478 0.8704765100001232 
0.8704765100001232 0.4509886221525146 
0.4509886221525146 0.990391539365964 
0.990391539365964 0.03806455247312063 
0.03806455247312063 0.1464625692725667 
0.1464625692725667 0.5000451402985812 
0.5000451402985812 0.9999999918494138 
0.002135105984255434 0.00852218922676572 
0.00852218922676572 0.03379824607019567 
0.03379824607019567 0.1306236985310967 
0.1306236985310967 0.4542445916526155 
0.4542445916526155 0.9916257704278565 
0.9916257704278565 0.03321640740486619 
0.03321640740486619 0.1284523107359205 
0.1284523107359205 0.4478092584100922 
0.4478092584100922 0.989104505969182 
0.989104505969182 0.04310712896256972 
0.04310712896256972 0.1649956175806964 
0.1649956175806964 0.551088255039444 
0.551088255039444 0.9895599607880989 
0.9895599607880989 0.04132417917262013 
0.04132417917262013 0.1584659655533173 
0.1584659655533173 0.5334180132582885 
0.5334180132582885 0.9955329455594754 
0.9955329455594754 0.01778839946060013 
0.01778839946060013 0.06988788922092098 
0.06988788922092098 0.2600142886446611 
0.2600142886446611 0.7696274333810879 
0.7696274333810879 0.7092041886733081 
0.7092041886733081 0.8249344297661716 
0.8249344297661716 0.5776704654101316 
0.5776704654101316 0.9758691952118942 
0.9758691952118942 0.09419403619353656 
0.09419403619353656 0.3412860789564292 
0.3412860789564292 0.8992395650679006 
0.8992395650679006 0.3624310787375743 
0.3624310787375743 0.92429916761077 
0.92429916761077 0.2798808654592307 
0.2798808654592307 0.8061902664360909 
0.8061902664360909 0.6249900829591826 
0.6249900829591826 0.9375099166474267 
0.9375099166474267 0.2343402913406471 
0.2343402913406471 0.7176996767801109 
0.7176996767801109 0.8104274029193409 
0.8104274029193409 0.6145393100670127 
0.6145393100670127 0.947522985797491 
0.947522985797491 0.1988927087315949 
0.1988927087315949 0.6373375965800154 
