0 0.5 
1 0.975 
2 0.09506250000000008 
3 0.3354999222656252 
4 0.8694649252590003 
5 0.442633109113109 
6 0.962165255336889 
7 0.1419727793616139 
8 0.4750843861996143 
9 0.9725789275369049 
10 0.1040097132674683 
11 0.3634476019726006 
12 0.90227842611257 
13 0.3438710647491348 
14 0.8799326467519814 
15 0.4120396173349332 
16 0.9448255872175185 
17 0.2033077681307003 
18 0.6316975062388134 
19 0.907357490716863 
20 0.3278335115517574 
21 0.8593989309960643 
22 0.4712463927556561 
23 0.9717755972747083 
24 0.1069683646827597 
25 0.3725519211954379 
26 0.9116522501152019 
27 0.3141154574028559 
28 0.8402430536114569 
29 0.5235151914296899 
30 0.9728434395108977 
31 0.1030344186748657 
32 0.360431476248473 
33 0.8990304459934958 
34 0.3540213423639041 
35 0.8918919029075777 
36 0.376040872098363 
37 0.9150731249784758 
38 0.3030857735903501 
39 0.8237766710062077 
40 0.566157802517338 
41 0.9579302661476999 
42 0.1571694982489971 
43 0.516622263569707 
44 0.9739224313798948 
45 0.09905036323637888 
46 0.3480336162385691 
47 0.8849342510052466 
48 0.3971199273718163 
49 0.9337211935584767 
50 0.2413551124070205 
51 0.7141010062758585 
52 0.7962269605354927 
53 0.6327733926224242 
54 0.9062477822249732 
55 0.331354683805434
